10 1 1
10 1 2
10 1 3
10 1 4
10 1 5
10 1 6
30 1 1
30 1 2
30 1 3
30 1 4
30 1 5
30 1 6
50 1 1
50 1 2
50 1 3
50 1 4
50 1 5
50 1 6
70 1 1
70 1 2
70 1 3
70 1 4
70 1 5
70 1 6
90 1 1
90 1 2
90 1 3
90 1 4
90 1 5
90 1 6
110 1 1
110 1 2
110 1 3
110 1 4
110 1 5
110 1 6
130 1 1
130 1 2
130 1 3
130 1 4
130 1 5
130 1 6
150 1 1
150 1 2
150 1 3
150 1 4
150 1 5
150 1 6
170 1 1
170 1 2
170 1 3
170 1 4
170 1 5
170 1 6
190 1 1
190 1 2
190 1 3
190 1 4
190 1 5
190 1 6
210 1 1
210 1 2
210 1 3
210 1 4
210 1 5
210 1 6
230 1 1
230 1 2
230 1 3
230 1 4
230 1 5
230 1 6
250 1 1
250 1 2
250 1 3
250 1 4
250 1 5
250 1 6
270 1 1
270 1 2
270 1 3
270 1 4
270 1 5
270 1 6
290 1 1
290 1 2
290 1 3
290 1 4
290 1 5
290 1 6